#,country_other,totalcases,newcases,totaldeaths,newdeaths,totalrecovered,newrecovered,activecases,serious_critical,tot_cases_1m_pop,deaths_1m_pop,totaltests,tests_1m_pop,population,continent,1_caseevery_x_ppl,1_deathevery_x_ppl,1_testevery_x_ppl,new_cases_1m_pop,new_deaths_1m_pop,active_cases_1m_pop
,North America,"128,522,265","+3,109","1,648,307",+8,"124,135,732","+13,025","2,738,226","6,708",,,,,,North America,,,,,,
,Asia,"220,776,761",+215,"1,549,809",+1,"204,572,869",+5,"14,654,083","15,149",,,,,,Asia,,,,,,
,Europe,"250,245,394",+105,"2,073,785",,"246,204,388","+3,037","1,967,221","5,518",,,,,,Europe,,,,,,
,South America,"68,997,949",,"1,361,080",,"66,527,599","+3,239","1,109,270","10,082",,,,,,South America,,,,,,
,Oceania,"14,663,404",+424,"30,503",+3,"14,528,465",+425,"104,436",49,,,,,,Australia/Oceania,,,,,,
,Africa,"12,838,449",,"258,830",,"12,088,351",,"491,268",547,,,,,,Africa,,,,,,
,,721,,15,,706,,0,0,,,,,,,,,,,,
,World,"696,044,943","+3,853","6,922,329",+12,"668,058,110","+19,731","21,064,504","38,053","89,296",888.1,,,,All,,,,,,
1,USA,"108,758,605","+3,109","1,177,793",+8,"106,541,372","+12,423","1,039,440","1,542","324,841","3,518","1,186,248,894","3,543,101","334,805,269",North America,3,284,0,9,0.02,"3,105"
2,India,"44,998,838",,"531,930",,"44,466,366",,542,N/A,"31,990",378,"930,797,975","661,721","1,406,631,776",Asia,31,"2,644",2,,,0.4
3,France,"40,138,560",,"167,642",,"39,970,918",,0,869,"612,013","2,556","271,490,188","4,139,547","65,584,518",Europe,2,391,0,,,
4,Germany,"38,493,206",,"176,071",,"38,240,600",,"76,535",N/A,"458,888","2,099","122,332,384","1,458,359","83,883,596",Europe,2,476,1,,,912
5,Brazil,"37,796,956",,"705,775",,"36,249,161",,"842,020",N/A,"175,511","3,277","63,776,166","296,146","215,353,593",South America,6,305,3,,,"3,910"
6,S. Korea,"34,571,873",,"35,934",,"34,535,939",,0,231,"673,523",700,"15,804,065","307,892","51,329,899",Asia,1,"1,428",3,,,
7,Japan,"33,803,572",,"74,694",,N/A,N/A,N/A,83,"269,169",595,"100,414,883","799,578","125,584,838",Asia,4,"1,681",1,,,"95,582"
8,Italy,"26,082,645",,"191,715",,"25,736,785",,"154,145",48,"432,815","3,181","275,228,417","4,567,139","60,262,770",Europe,2,314,0,,,"2,558"
9,UK,"24,704,113",,"229,089",,"24,472,345","+1,886","2,679",N/A,"360,655","3,344","522,526,476","7,628,357","68,497,907",Europe,3,299,0,,,39
10,Russia,"23,029,404",,"400,047",,"22,468,635",,"160,722",N/A,"157,946","2,744","273,400,000","1,875,095","145,805,947",Europe,6,364,1,,,"1,102"
11,Turkey,"17,232,066",,"102,174",,N/A,N/A,N/A,,"201,399","1,194","162,743,369","1,902,052","85,561,976",Asia,5,837,1,,,"4,024"
12,Spain,"13,914,811",,"121,760",,"13,762,417",,"30,634",231,"297,840","2,606","471,036,328","10,082,298","46,719,142",Europe,3,384,0,,,656
13,Australia,"11,774,220",,"22,798",,"11,745,992",,"5,430",21,"451,660",875,"81,916,639","3,142,326","26,068,792",Australia/Oceania,2,"1,143",0,,,208
14,Vietnam,"11,623,724",+17,"43,206",,"10,640,820",+5,"939,698",1,"117,466",437,"85,826,548","867,342","98,953,541",Asia,9,"2,290",1,0.2,,"9,496"
15,Taiwan,"10,241,523",,"19,005",,"10,222,518",,0,,"428,720",796,"30,742,304","1,286,903","23,888,595",Asia,2,"1,257",1,,,
16,Argentina,"10,070,247",,"130,608",,"9,939,639","+3,239",0,363,"218,870","2,839","35,716,069","776,264","46,010,234",South America,5,352,1,,,
17,Netherlands,"8,617,412",,"22,992",,"8,594,420",,0,53,"500,679","1,336","25,984,435","1,509,718","17,211,447",Europe,2,749,1,,,
18,Mexico,"7,649,199",,"334,472",,"6,899,865",,"414,862",N/A,"58,141","2,542","20,013,810","152,124","131,562,772",North America,17,393,7,,,"3,153"
19,Iran,"7,616,791",,"146,386",,"7,377,233",,"93,172",18,"88,544","1,702","57,320,267","666,338","86,022,837",Asia,11,588,2,,,"1,083"
20,Indonesia,"6,813,429",,"161,918",,"6,646,827",,"4,684",N/A,"24,409",580,"114,158,919","408,975","279,134,505",Asia,41,"1,724",2,,,17
21,Poland,"6,523,300",+8,"119,653",,"5,335,940",,"1,067,707",53,"172,849","3,170","38,847,921","1,029,363","37,739,785",Europe,6,315,1,0.2,,"28,291"
22,Colombia,"6,378,000",,"142,961",,"6,190,683",,"44,356",342,"123,814","2,775","36,951,507","717,327","51,512,762",South America,8,360,1,,,861
23,Greece,"6,101,379",,"37,089",,"6,064,290",,0,115,"591,412","3,595","102,228,365","9,909,078","10,316,637",Europe,2,278,0,,,
24,Austria,"6,081,287",,"22,542",,"6,054,934",,"3,811",14,"670,727","2,486","211,273,524","23,302,116","9,066,710",Europe,1,402,0,,,420
25,Portugal,"5,623,951",,"27,509",,"5,586,635",+226,"9,807",61,"554,599","2,713","46,139,518","4,549,993","10,140,570",Europe,2,369,0,,,967
26,Ukraine,"5,557,995",,"112,418",,"5,445,577",,0,,"128,681","2,603","32,603,805","754,855","43,192,122",Europe,8,384,1,,,
27,Chile,"5,293,935",,"64,497",,"5,229,316",,122,14,"275,007","3,350","50,058,609","2,600,421","19,250,195",South America,4,298,0,,,6
28,Malaysia,"5,125,900",,"37,172",,"5,077,516",,"11,212",4,"154,483","1,120","68,493,395","2,064,231","33,181,072",Asia,6,893,0,,,338
29,Israel,"4,837,580",,"12,670",,"4,798,473",,"26,437",21,"518,720","1,359","41,373,364","4,436,346","9,326,000",Asia,2,736,0,,,"2,835"
30,Belgium,"4,817,196",,"34,376",,"4,773,093",,"9,727",43,"412,845","2,946","37,018,657","3,172,590","11,668,278",Europe,2,339,0,,,834
31,DPRK,"4,772,813",,74,,"4,772,739",,0,,"183,636",3,,,"25,990,679",Asia,5,"351,225",,,,
32,Thailand,"4,757,473",+190,"34,475",+1,"4,692,636",,"30,362",N/A,"67,888",492,"17,270,775","246,450","70,078,203",Asia,15,"2,033",4,3,0.01,433
33,Canada,"4,728,375",,"53,793",,"4,656,269",+602,"18,313",99,"123,172","1,401","66,447,548","1,730,927","38,388,419",North America,8,714,1,,,477
34,Czechia,"4,651,578",+45,"42,848",,"4,606,043",+356,"2,687",5,"433,238","3,991","57,295,323","5,336,358","10,736,784",Europe,2,251,0,4,,250
35,Peru,"4,519,976",,"222,161",,"4,297,815",,0,4,"134,187","6,595","39,010,194","1,158,115","33,684,208",South America,7,152,1,,,
36,Switzerland,"4,413,440",,"14,452",,"4,395,295",,"3,693",39,"503,034","1,647","23,833,472","2,716,487","8,773,637",Europe,2,607,0,,,421
37,Philippines,"4,174,101",,"66,643",,"4,103,828",,"3,630",162,"37,100",592,"35,659,012","316,944","112,508,994",Asia,27,"1,688",3,,,32
38,South Africa,"4,076,463",,"102,595",,"3,912,506",,"61,362",192,"67,095","1,689","26,795,090","441,027","60,756,135",Africa,15,592,2,,,"1,010"
39,Romania,"3,455,207",,"68,341",,"3,360,779",,"26,087",74,"181,554","3,591","28,000,157","1,471,266","19,031,335",Europe,6,278,1,,,"1,371"
40,Denmark,"3,183,756",,"8,814",,"3,174,942",,0,4,"545,636","1,511","129,333,107","22,165,247","5,834,950",Europe,2,662,0,,,
41,Hong Kong,"2,920,721",,"14,254",,"2,903,077",,"3,390",28,"384,088","1,874","76,127,725","10,011,143","7,604,299",Asia,3,533,0,,,446
42,Sweden,"2,717,578",,"24,888",,"2,690,591",+99,"2,099",1,"265,935","2,435","19,500,873","1,908,301","10,218,971",Europe,4,411,1,,,205
43,Singapore,"2,588,520",,"1,885",,"2,149,583",,"437,052",7,"435,518",317,"24,756,666","4,165,302","5,943,546",Asia,2,"3,153",0,,,"73,534"
44,Serbia,"2,556,026",,"18,057",,"2,529,789",,"8,180",,"295,391","2,087","13,088,879","1,512,638","8,653,016",Europe,3,479,1,,,945
45,New Zealand,"2,470,435",+424,"4,849",+3,"2,464,120",+425,"1,466",,"504,355",990,"7,768,604","1,586,011","4,898,203",Australia/Oceania,2,"1,010",1,87,0.6,299
46,Iraq,"2,465,545",,"25,375",,"2,439,497",,673,21,"58,474",602,"19,544,451","463,523","42,164,965",Asia,17,"1,662",2,,,16
47,Hungary,"2,204,488",,"48,881",,"2,152,155",,"3,452",2,"229,485","5,088","11,394,556","1,186,160","9,606,259",Europe,4,197,1,,,359
48,Bangladesh,"2,045,671",,"29,477",,"1,998,448",,"17,746",N/A,"12,185",176,"15,254,399","90,862","167,885,689",Asia,82,"5,695",11,,,106
49,Slovakia,"1,867,525",,"21,167",,"1,846,156",,202,6,"342,025","3,877","7,439,346","1,362,469","5,460,193",Europe,3,258,1,,,37
50,Georgia,"1,855,289",,"17,132",,"1,776,548",,"61,609",,"467,476","4,317","16,920,079","4,263,340","3,968,738",Asia,2,232,0,,,"15,524"
51,Jordan,"1,746,997",,"14,122",,"1,731,007",,"1,868",59,"169,597","1,371","17,201,885","1,669,945","10,300,869",Asia,6,729,1,,,181
52,Ireland,"1,721,152",,"9,249",,"1,709,044",,"2,859",19,"342,845","1,842","13,083,449","2,606,161","5,020,199",Europe,3,543,0,,,569
53,Pakistan,"1,581,850",,"30,664",,"1,538,689",,"12,497",1,"6,893",134,"30,589,153","133,292","229,488,994",Asia,145,"7,484",8,,,54
54,Norway,"1,488,692",,"5,667",,"1,482,587",,438,20,"270,113","1,028","11,002,430","1,996,315","5,511,370",Europe,4,973,1,,,79
55,Finland,"1,486,084",,"10,265",,"1,474,571",+53,"1,248",21,"267,524","1,848","12,108,977","2,179,850","5,554,960",Europe,4,541,0,,,225
56,Kazakhstan,"1,411,831",,"13,848",,"1,383,020",,"14,963",24,"73,514",721,"11,575,012","602,707","19,205,043",Asia,14,"1,387",2,,,779
57,Slovenia,"1,345,283",+24,"7,100",,"1,337,079",,"1,104",8,"647,383","3,417","2,847,701","1,370,382","2,078,034",Europe,2,293,1,12,,531
58,Lithuania,"1,329,909",+28,"9,710",,"1,315,047",+417,"5,152",,"499,645","3,648","10,496,080","3,943,363","2,661,708",Europe,2,274,0,11,,"1,936"
59,Bulgaria,"1,314,424",,"38,466",,"1,272,736",,"3,222",21,"192,038","5,620","11,365,333","1,660,482","6,844,597",Europe,5,178,1,,,471
60,Guatemala,"1,277,831",,"20,264",,"1,256,957",,610,5,"68,760","1,090","7,593,848","408,622","18,584,039",North America,15,917,2,,,33
61,Morocco,"1,276,635",,"16,297",,"1,256,151",,"4,187",3,"33,798",431,"13,001,033","344,191","37,772,756",Africa,30,"2,318",3,,,111
62,Croatia,"1,275,337",,"18,351",,"1,256,588",,398,,"314,178","4,521","5,636,742","1,388,604","4,059,286",Europe,3,221,1,,,98
63,Lebanon,"1,243,838",,"10,952",,"1,087,587",,"145,299",74,"186,068","1,638","4,795,578","717,380","6,684,849",Asia,5,610,1,,,"21,736"
64,Costa Rica,"1,238,883",,"9,428",,"860,711",,"368,744",52,"239,058","1,819","4,659,757","899,158","5,182,354",North America,4,550,1,,,"71,154"
65,Bolivia,"1,207,206",,"22,399",,"1,177,145",,"7,662",220,"100,662","1,868","2,710,261","225,993","11,992,656",South America,10,535,4,,,639
66,Tunisia,"1,153,361",,"29,423",,N/A,N/A,N/A,44,"95,741","2,442","5,013,383","416,164","12,046,656",Africa,10,409,2,,,"1,157"
67,Cuba,"1,115,131",,"8,530",,"1,106,537",,64,2,"98,635",754,"14,345,940","1,268,918","11,305,652",North America,10,"1,325",1,,,6
68,Ecuador,"1,069,114",,"36,042",,"1,033,072",,0,759,"59,024","1,990","3,082,403","170,173","18,113,361",South America,17,503,6,,,
69,UAE,"1,067,030",,"2,349",,"1,054,525",,"10,156",,"105,837",233,"200,732,262","19,910,389","10,081,785",Asia,9,"4,292",0,,,"1,007"
70,Panama,"1,048,341",,"8,661",,"1,039,604",,76,16,"235,743","1,948","7,808,060","1,755,818","4,446,964",North America,4,513,1,,,17
71,Uruguay,"1,038,774",,"7,634",,"1,030,944",,196,18,"297,131","2,184","6,114,822","1,749,083","3,496,016",South America,3,458,1,,,56
72,Mongolia,"1,010,975",,"2,179",,"1,008,796",,0,192,"299,275",645,"4,030,048","1,193,000","3,378,078",Asia,3,"1,550",1,,,
73,Nepal,"1,003,438",,"12,031",,"991,322",,85,,"33,198",398,"6,047,766","200,088","30,225,582",Asia,30,"2,512",5,,,3
74,Belarus,"994,037",,"7,118",,"985,592",,"1,327",,"105,381",755,"13,646,641","1,446,722","9,432,800",Europe,9,"1,325",1,,,141
75,Latvia,"978,760",,"6,397",,"971,406",,957,,"529,392","3,460","7,880,891","4,262,621","1,848,837",Europe,2,289,0,,,518
76,Saudi Arabia,"841,469",,"9,646",,"827,923",,"3,900",66,"23,475",269,"45,481,735","1,268,848","35,844,909",Asia,43,"3,716",1,,,109
77,Azerbaijan,"832,809",,"10,321",,"822,263",,225,,"80,854","1,002","7,684,217","746,026","10,300,205",Asia,12,998,1,,,22
78,Paraguay,"815,102",,"20,020",,N/A,N/A,N/A,7,"111,569","2,740","2,657,506","363,751","7,305,843",South America,9,365,3,,,"13,245"
79,Bahrain,"728,612",,"1,573",,"726,846",,193,4,"408,419",882,"10,926,105","6,124,557","1,783,983",Asia,2,"1,134",0,,,108
80,Sri Lanka,"672,587",,"16,882",,"655,699",,6,,"31,173",782,"6,486,117","300,619","21,575,842",Asia,32,"1,278",3,,,0.3
81,Dominican Republic,"670,627",,"4,384",,"666,104",,139,4,"60,655",397,"3,740,928","338,350","11,056,370",North America,16,"2,522",3,,,13
82,Kuwait,"666,284",,"2,570",,"660,237",,"3,477",,"152,108",587,"8,455,743","1,930,391","4,380,326",Asia,7,"1,704",1,,,794
83,Cyprus,"660,854",,"1,364",,"659,490",,0,60,"540,184","1,115","9,640,118","7,879,860","1,223,387",Asia,2,897,0,,,
84,Myanmar,"641,280",+8,"19,495",,"619,922",,"1,863",,"11,612",353,"11,293,006","204,483","55,227,143",Asia,86,"2,833",5,0.1,,34
85,Moldova,"621,865",,"12,126",,"504,142",,"105,597",49,"154,956","3,022","3,216,305","801,437","4,013,171",Europe,6,331,1,,,"26,313"
86,Palestine,"621,008",,"5,404",,"615,445",,159,17,"116,173","1,011","3,078,533","575,907","5,345,541",Asia,9,989,2,,,30
87,Estonia,"619,881",,"3,001",,"524,990",,"91,890",,"468,928","2,270","3,738,567","2,828,155","1,321,910",Europe,2,440,0,,,"69,513"
88,Venezuela,"552,695",,"5,856",,"546,537",,302,31,"18,885",200,"3,359,014","114,771","29,266,991",South America,53,"4,998",9,,,10
89,Egypt,"516,023",,"24,613",,"442,182",,"49,228",122,"4,861",232,"3,693,367","34,792","106,156,692",Africa,206,"4,313",29,,,464
90,Qatar,"514,524",,690,,"513,687",,147,16,"172,664",232,"4,065,369","1,364,257","2,979,915",Asia,6,"4,319",1,,,49
91,Libya,"507,270",,"6,437",,"500,833",,0,,"72,048",914,"2,483,848","352,782","7,040,745",Africa,14,"1,094",3,,,
92,Ethiopia,"501,032",,"7,574",,"488,171",,"5,287",,"4,147",63,"5,565,340","46,066","120,812,698",Africa,241,"15,951",22,,,44
93,Réunion,"486,588",,921,,"418,572",,"67,095",10,"535,854","1,014","1,603,660","1,766,027","908,061",Africa,2,986,1,,,"73,888"
94,Honduras,"474,078",,"11,165",,N/A,N/A,N/A,105,"46,382","1,092","1,660,662","162,472","10,221,247",North America,22,915,6,,,"32,322"
95,Armenia,"449,357",,"8,751",,"435,162",,"5,444",,"151,199","2,945","3,242,901","1,091,164","2,971,966",Asia,7,340,1,,,"1,832"
96,Bosnia and Herzegovina,"403,117",,"16,352",,"379,084",,"7,681",,"124,062","5,032","1,884,721","580,036","3,249,317",Europe,8,199,2,,,"2,364"
97,Oman,"399,449",,"4,628",,"384,669",,"10,152",2,"75,028",869,"25,000,000","4,695,724","5,323,993",Asia,13,"1,150",0,,,"1,907"
98,Zambia,"349,287",,"4,069",,"341,316",,"3,902",,"17,940",209,"4,112,961","211,244","19,470,234",Africa,56,"4,785",5,,,200
99,North Macedonia,"348,411",,"9,941",,"337,068",,"1,402",,"167,400","4,776","2,226,216","1,069,626","2,081,304",Europe,6,209,1,,,674
100,Kenya,"343,955",,"5,689",,"337,309",,957,1,"6,119",101,"3,967,062","70,569","56,215,221",Africa,163,"9,881",14,,,17
101,Albania,"334,726",,"3,602",,"329,428",,"1,696",,"116,777","1,257","1,941,032","677,173","2,866,374",Europe,9,796,1,,,592
102,Botswana,"330,256",,"2,801",,"327,049",,406,1,"135,286","1,147","2,026,898","830,300","2,441,162",Africa,7,872,1,,,166
103,Luxembourg,"319,959",,"1,232",,"316,690",,"2,037",,"498,091","1,918","4,587,145","7,140,959","642,371",Europe,2,521,0,,,"3,171"
104,Brunei,"310,522",,225,,"243,601",,"66,696",3,"697,127",505,"717,784","1,611,437","445,431",Asia,1,"1,980",1,,,"149,734"
105,Montenegro,"293,219",,"2,829",,"289,667",,723,6,"466,946","4,505","2,764,972","4,403,172","627,950",Europe,2,222,0,,,"1,151"
106,Algeria,"271,853",,"6,881",,"183,061",,"81,911",,"5,995",152,"230,960","5,093","45,350,148",Africa,167,"6,591",196,,,"1,806"
107,Nigeria,"266,675",,"3,155",,"259,953",,"3,567",11,"1,230",15,"5,708,974","26,339","216,746,934",Africa,813,"68,700",38,,,16
108,Zimbabwe,"265,748",,"5,718",,"258,888",,"1,142",12,"17,334",373,"2,525,756","164,744","15,331,428",Africa,58,"2,681",6,,,74
109,Uzbekistan,"253,662",,"1,637",,"241,486",,"10,539",23,"7,378",48,"1,377,915","40,077","34,382,084",Asia,136,"21,003",25,,,307
110,Mozambique,"233,417",,"2,243",,"228,805",,"2,369",11,"7,054",68,"1,371,127","41,437","33,089,461",Africa,142,"14,752",24,,,72
111,Martinique,"230,354",,"1,102",,N/A,N/A,N/A,12,"615,777","2,946","828,928","2,215,870","374,087",North America,2,339,0,,,"612,553"
112,Afghanistan,"226,220",,"7,950",,"206,760",,"11,510",,"5,551",195,"1,309,572","32,133","40,754,388",Asia,180,"5,126",31,,,282
113,Laos,"218,870",,758,,N/A,N/A,N/A,,"29,257",101,"1,233,207","164,845","7,481,023",Asia,34,"9,869",6,,,"28,131"
114,Iceland,"209,191",,229,,N/A,N/A,N/A,2,"605,661",663,"1,996,384","5,780,036","345,393",Europe,2,"1,508",0,,,"385,871"
115,Kyrgyzstan,"206,897",,"2,991",,"196,406",,"7,500",131,"30,750",445,"1,907,195","283,460","6,728,271",Asia,33,"2,250",4,,,"1,115"
116,Guadeloupe,"203,235",,"1,021",,N/A,N/A,N/A,19,"508,349","2,554","938,039","2,346,306","399,794",North America,2,392,0,,,"500,168"
117,El Salvador,"201,785",,"4,230",,"179,410",,"18,145",8,"30,805",646,"2,610,114","398,467","6,550,389",North America,32,"1,549",3,,,"2,770"
118,Trinidad and Tobago,"191,496",,"4,390",,"187,078",,28,8,"136,143","3,121","913,289","649,295","1,406,585",North America,7,320,2,,,20
119,Maldives,"186,694",,316,,"163,687",,"22,691",25,"345,100",584,"2,213,831","4,092,223","540,985",Asia,3,"1,712",0,,,"41,944"
120,Namibia,"171,998",,"4,098",,"167,099",,801,,"65,302","1,556","1,062,663","403,460","2,633,874",Africa,15,643,2,,,304
121,Uganda,"171,829",,"3,632",,"100,431",,"67,766",3,"3,548",75,"3,012,408","62,198","48,432,863",Africa,282,"13,335",16,,,"1,399"
122,Ghana,"171,780",,"1,462",,"170,318",,0,2,"5,303",45,"2,538,052","78,346","32,395,450",Africa,189,"22,158",13,,,
123,Jamaica,"156,469",,"3,664",,"103,191",,"49,614",,"52,417","1,227","1,183,986","396,633","2,985,094",North America,19,815,3,,,"16,621"
124,Cambodia,"138,941",,"3,056",,"135,885",,0,,"8,093",178,"3,091,420","180,062","17,168,639",Asia,124,"5,618",6,,,
125,Rwanda,"133,194",,"1,468",,"131,647",,79,,"9,793",108,"6,021,981","442,778","13,600,464",Africa,102,"9,265",2,,,6
126,Cameroon,"125,090",,"1,974",,"122,807",,309,13,"4,482",71,"1,751,774","62,762","27,911,548",Africa,223,"14,140",16,,,11
127,Malta,"120,444",,862,,"118,911",,671,,"271,250","1,941","2,151,791","4,846,016","444,033",Europe,4,515,0,,,"1,511"
128,Barbados,"109,503",,620,,"108,647",,236,,"380,188","2,153","801,451","2,782,594","288,023",North America,3,465,0,,,819
129,Angola,"105,384",,"1,934",,"103,419",,31,,"3,009",55,"1,499,795","42,818","35,027,343",Africa,332,"18,111",23,,,0.9
130,Channel Islands,"101,717",,228,,"101,321",,168,,"576,421","1,292","1,252,808","7,099,551","176,463",Europe,2,774,0,,,952
131,French Guiana,"98,041",,420,,"11,254",,"86,367",6,"312,065","1,337","651,257","2,072,951","314,169",South America,3,748,0,,,"274,906"
132,DRC,"97,697",,"1,468",,"84,489",,"11,740",,"1,026",15,"846,704","8,890","95,240,792",Africa,975,"64,878",112,,,123
133,Senegal,"89,014",,"1,971",,"87,024",,19,,"5,042",112,"1,146,543","64,946","17,653,671",Africa,198,"8,957",15,,,1
134,Malawi,"88,908",,"2,686",,"85,651",,571,67,"4,406",133,"624,784","30,959","20,180,839",Africa,227,"7,513",32,,,28
135,Ivory Coast,"88,338",,835,,"87,497",,6,,"3,184",30,"1,690,934","60,951","27,742,298",Africa,314,"33,224",16,,,0.2
136,Suriname,"82,588",,"1,408",,N/A,N/A,N/A,,"138,378","2,359","242,207","405,822","596,831",South America,7,424,2,,,"52,623"
137,New Caledonia,"79,922",,314,,"79,605",,3,9,"274,726","1,079","98,964","340,182","290,915",Australia/Oceania,4,926,3,,,10
138,French Polynesia,"78,632",,649,,N/A,N/A,N/A,7,"276,713","2,284",,,"284,164",Australia/Oceania,4,438,,,,"156,540"
139,Eswatini,"74,882",,"1,427",,"73,116",,339,,"63,201","1,204","1,048,704","885,119","1,184,817",Africa,16,830,1,,,286
140,Guyana,"73,385",,"1,299",,"72,013",,73,,"92,419","1,636","733,218","923,396","794,045",South America,11,611,1,,,92
141,Belize,"70,782",,688,,"70,085",,9,6,"171,722","1,669","576,016","1,397,453","412,190",North America,6,599,1,,,22
142,Fiji,"69,117",,885,,"67,226",,"1,006",,"75,997",973,"672,883","739,866","909,466",Australia/Oceania,13,"1,028",1,,,"1,106"
143,Madagascar,"68,330",,"1,425",,"66,862",,43,,"2,342",49,"531,329","18,210","29,178,077",Africa,427,"20,476",55,,,1
144,Cabo Verde,"64,238",,415,,"63,755",,68,23,"113,159",731,"401,622","707,482","567,678",Africa,9,"1,368",1,,,120
145,Sudan,"63,993",,"5,046",,"58,947",,0,,"1,391",110,"562,941","12,240","45,992,020",Africa,719,"9,115",82,,,
146,Mauritania,"63,757",,997,,"62,471",,289,,"13,006",203,"1,009,957","206,030","4,901,981",Africa,77,"4,917",5,,,59
147,Bhutan,"62,697",,21,,"61,564",,"1,112",,"79,571",27,"2,303,734","2,923,739","787,941",Asia,13,"37,521",0,,,"1,411"
148,Syria,"57,743",,"3,165",,"54,578",,0,,"2,982",163,"146,269","7,553","19,364,809",Asia,335,"6,118",132,,,
149,Burundi,"54,241",,38,,"53,569",,634,,"4,296",3,"345,742","27,386","12,624,840",Africa,233,"332,233",37,,,50
150,Seychelles,"50,937",,172,,"50,750",,15,,"512,311","1,730",,,"99,426",Africa,2,578,,,,151
151,Gabon,"48,992",,307,,"48,674",,11,,"21,013",132,"1,621,909","695,641","2,331,533",Africa,48,"7,595",1,,,5
152,Andorra,"48,015",,165,,"47,563",,287,14,"619,844","2,130","249,838","3,225,256","77,463",Europe,2,469,0,,,"3,705"
153,Papua New Guinea,"46,864",,670,,"46,168",,26,7,"5,043",72,"249,149","26,813","9,292,169",Australia/Oceania,198,"13,869",37,,,3
154,Curaçao,"45,986",,295,,"44,720",,971,3,"277,812","1,782","496,693","3,000,640","165,529",North America,4,561,0,,,"5,866"
155,Aruba,"44,224",,292,,"42,438",,"1,494",2,"410,969","2,714","177,885","1,653,068","107,609",North America,2,369,1,,,"13,884"
156,Tanzania,"43,078",,846,,N/A,N/A,N/A,7,681,13,,,"63,298,550",Africa,"1,469","74,821",,,,664
157,Mauritius,"42,932",,"1,051",,"41,201",,680,,"33,679",824,"358,675","281,374","1,274,727",Africa,30,"1,213",4,,,533
158,Mayotte,"42,027",,188,,N/A,N/A,N/A,,"146,815",657,"176,919","618,038","286,259",Africa,7,"1,523",2,,,"135,804"
159,Togo,"39,513",,290,,"39,216",,7,,"4,552",33,"812,881","93,641","8,680,837",Africa,220,"29,934",11,,,0.8
160,Guinea,"38,563",,468,,"37,757",,338,8,"2,781",34,"660,107","47,607","13,865,691",Africa,360,"29,628",21,,,24
161,Bahamas,"38,084",,844,,"36,366",,874,1,"95,087","2,107","257,839","643,767","400,516",North America,11,475,2,,,"2,182"
162,Isle of Man,"38,008",,116,,N/A,N/A,N/A,,"443,335","1,353","150,753","1,758,422","85,732",Europe,2,739,1,,,"129,450"
163,Lesotho,"34,790",,723,,"25,980",,"8,087",,"15,990",332,"431,221","198,199","2,175,699",Africa,63,"3,009",5,,,"3,717"
164,Faeroe Islands,"34,658",,28,,N/A,N/A,N/A,5,"703,959",569,"778,000","15,802,409","49,233",Europe,1,"1,758",0,,,"547,133"
165,Haiti,"34,306",,860,,"33,372",,74,,"2,937",74,"132,422","11,337","11,680,283",North America,340,"13,582",88,,,6
166,Mali,"33,152",,743,,"32,332",,77,,"1,544",35,"804,909","37,483","21,473,764",Africa,648,"28,901",27,,,4
167,Cayman Islands,"31,472",,37,,"8,553",,"22,882",1,"467,797",550,"222,773","3,311,280","67,277",North America,2,"1,818",0,,,"340,116"
168,Saint Lucia,"30,122",,409,,"29,095",,618,,"162,722","2,209","210,983","1,139,752","185,113",North America,6,453,1,,,"3,339"
169,Benin,"28,014",,163,,"27,847",,4,,"2,191",13,"604,310","47,268","12,784,726",Africa,456,"78,434",21,,,0.3
170,Somalia,"27,334",,"1,361",,"13,182",,"12,791",,"1,623",81,"400,466","23,778","16,841,795",Africa,616,"12,375",42,,,759
171,Micronesia,"26,547",,65,,N/A,N/A,N/A,1,"225,953",553,"82,430","701,598","117,489",Australia/Oceania,4,"1,808",1,,,"162,271"
172,Congo,"25,375",,386,,"24,006",,983,,"4,377",67,"347,815","59,991","5,797,805",Africa,228,"15,020",17,,,170
173,San Marino,"24,608",,126,,"24,411",,71,4,"721,960","3,697","196,855","5,775,414","34,085",Europe,1,271,0,,,"2,083"
174,Solomon Islands,"24,575",,153,,N/A,N/A,N/A,1,"34,077",212,,,"721,159",Australia/Oceania,29,"4,713",,,,"11,183"
175,Timor-Leste,"23,460",,138,,"23,102",,220,,"17,131",101,"278,529","203,391","1,369,429",Asia,58,"9,923",5,,,161
176,Burkina Faso,"22,056",,396,,"21,596",,64,,998,18,"248,995","11,265","22,102,838",Africa,"1,002","55,815",89,,,3
177,Liechtenstein,"21,486",,94,,"21,352",,40,,"559,721","2,449","112,457","2,929,559","38,387",Europe,2,408,0,,,"1,042"
178,Gibraltar,"20,550",,113,,"16,579",,"3,858",,"609,720","3,353","534,283","15,852,213","33,704",Europe,2,298,0,,,"114,467"
179,Grenada,"19,693",,238,,"19,358",,97,4,"173,545","2,097","182,981","1,612,523","113,475",North America,6,477,1,,,855
180,Bermuda,"18,860",,165,,"18,685",,10,,"304,493","2,664","1,029,558","16,622,128","61,939",North America,3,375,0,,,161
181,Nicaragua,"18,491",,225,,"4,225",,"14,041",,"2,728",33,,,"6,779,100",North America,367,"30,129",,,,"2,071"
182,Macao,"18,401",,123,,"3,487",,"14,791",,"27,567",184,"7,850","11,760","667,490",Asia,36,"5,427",85,,,"22,159"
183,South Sudan,"18,368",,138,,"18,115",,115,1,"1,581",12,"410,280","35,313","11,618,511",Africa,633,"84,192",28,,,10
184,Tajikistan,"17,786",,125,,"17,264",,397,,"1,786",13,,,"9,957,464",Asia,560,"79,660",,,,40
185,Equatorial Guinea,"17,229",,183,,"16,907",,139,5,"11,512",122,"365,697","244,342","1,496,662",Africa,87,"8,178",4,,,93
186,Monaco,"16,975",,67,,"15,992",,916,4,"426,690","1,684","78,646","1,976,875","39,783",Europe,2,594,1,,,"23,025"
187,Tonga,"16,825",,13,,"15,638",,"1,174",,"156,150",121,"535,009","4,965,327","107,749",Australia/Oceania,6,"8,288",0,,,"10,896"
188,Samoa,"16,778",,31,,"1,605",,"15,142",,"82,961",153,"187,397","926,612","202,239",Australia/Oceania,12,"6,524",1,,,"74,872"
189,Marshall Islands,"16,133",,17,,"16,109",,7,,"268,628",283,,,"60,057",Australia/Oceania,4,"3,533",,,,117
190,Dominica,"15,760",,74,,"15,673",,13,,"217,848","1,023","229,344","3,170,187","72,344",North America,5,978,0,,,180
191,Djibouti,"15,690",,189,,"15,427",,74,,"15,441",186,"305,941","301,094","1,016,097",Africa,65,"5,376",3,,,73
192,CAR,"15,368",,113,,"15,200",,55,2,"3,063",23,"81,294","16,205","5,016,678",Africa,326,"44,395",62,,,11
193,Gambia,"12,626",,372,,"12,189",,65,,"4,935",145,"155,686","60,851","2,558,482",Africa,203,"6,878",16,,,25
194,Saint Martin,"12,324",,63,,"1,399",,"10,862",7,"310,194","1,586","112,382","2,828,643","39,730",North America,3,631,0,,,"273,395"
195,Vanuatu,"12,019",,14,,"11,976",,29,,"37,346",44,"24,976","77,606","321,832",Australia/Oceania,27,"22,988",13,,,90
196,Greenland,"11,971",,21,,"2,761",,"9,189",4,"210,117",369,"164,926","2,894,810","56,973",North America,5,"2,713",0,,,"161,287"
197,Yemen,"11,945",,"2,159",,"9,124",,662,23,383,69,"329,592","10,579","31,154,867",Asia,"2,608","14,430",95,,,21
198,Caribbean Netherlands,"11,682",,38,,"10,476",,"1,168",,"438,398","1,426","30,126","1,130,559","26,647",North America,2,701,1,,,"43,832"
199,Sint Maarten,"11,051",,92,,"10,905",,54,N/A,"251,353","2,093","62,056","1,411,454","43,966",North America,4,478,1,,,"1,228"
200,Eritrea,"10,189",,103,,"10,086",,0,,"2,782",28,"23,693","6,470","3,662,244",Africa,359,"35,556",155,,,
201,Niger,"9,931",,312,,"8,890",,729,1,381,12,"254,538","9,759","26,083,660",Africa,"2,626","83,601",102,,,28
202,St. Vincent Grenadines,"9,631",,124,,"9,493",,14,,"86,337","1,112","114,197","1,023,720","111,551",North America,12,900,1,,,126
203,Guinea-Bissau,"9,614",,177,,"8,929",,508,6,"4,659",86,"145,231","70,385","2,063,367",Africa,215,"11,657",14,,,246
204,Comoros,"9,109",,161,,"8,939",,9,,"10,038",177,,,"907,419",Africa,100,"5,636",,,,10
205,Antigua and Barbuda,"9,106",,146,,"8,954",,6,1,"91,509","1,467","18,901","189,943","99,509",North America,11,682,5,,,60
206,Liberia,"8,090",,295,,"7,783",,12,2,"1,525",56,"139,824","26,356","5,305,117",Africa,656,"17,983",38,,,2
207,Sierra Leone,"7,762",,126,,N/A,N/A,N/A,,934,15,"259,958","31,296","8,306,436",Africa,"1,070","65,924",32,,,330
208,Chad,"7,701",,194,,"4,874",,"2,633",,442,11,"191,341","10,988","17,413,580",Africa,"2,261","89,761",91,,,151
209,British Virgin Islands,"7,305",,64,,N/A,N/A,N/A,,"238,757","2,092","107,339","3,508,269","30,596",North America,4,478,0,,,392
210,Cook Islands,"7,158",,2,,"7,150",,6,,"407,376",114,"19,690","1,120,596","17,571",Australia/Oceania,2,"8,786",1,,,341
211,Turks and Caicos,"6,630",,39,,"6,576",,15,4,"166,830",981,"614,852","15,471,478","39,741",North America,6,"1,019",0,,,377
212,Saint Kitts and Nevis,"6,607",,48,,"6,559",,0,,"122,645",891,"126,958","2,356,704","53,871",North America,8,"1,122",0,,,
213,Sao Tome and Principe,"6,597",,80,,"6,517",,0,,"28,975",351,"29,036","127,530","227,679",Africa,35,"2,846",8,,,
214,Palau,"6,241",,9,,"6,227",,5,,"342,291",494,"70,715","3,878,407","18,233",Australia/Oceania,3,"2,026",0,,,274
215,St. Barth,"5,507",,6,,N/A,N/A,N/A,,"553,746",603,"78,646","7,908,095","9,945",North America,2,"1,658",0,,,"506,687"
216,Nauru,"5,393",,1,,"5,347",,45,,"494,635",92,"20,509","1,881,042","10,903",Australia/Oceania,2,"10,903",1,,,"4,127"
217,Kiribati,"5,085",,24,,"2,703",,"2,358",3,"41,201",194,,,"123,419",Australia/Oceania,24,"5,142",,,,"19,106"
218,Anguilla,"3,904",,12,,"3,879",,13,4,"256,336",788,"51,382","3,373,736","15,230",North America,4,"1,269",0,,,854
219,Wallis and Futuna,"3,550",,8,,438,,"3,104",,"323,256",728,"20,508","1,867,419","10,982",Australia/Oceania,3,"1,373",1,,,"282,644"
220,Saint Pierre Miquelon,"3,452",,2,,"2,449",,"1,001",1,"599,410",347,"25,400","4,410,488","5,759",North America,2,"2,880",0,,,"173,815"
221,Tuvalu,"2,943",,1,,,,"2,942",,"243,909",83,,,"12,066",Australia/Oceania,4,"12,066",,,,"243,826"
222,Saint Helena,"2,166",,,,2,,"2,164",,"354,211",,,,"6,115",Africa,3,,,,,"353,884"
223,Falkland Islands,"1,930",,,,"1,930",,0,,"545,352",,"8,632","2,439,107","3,539",South America,2,,0,,,
224,Montserrat,"1,403",,8,,"1,376",,19,,"282,578","1,611","17,762","3,577,442","4,965",North America,4,621,0,,,"3,827"
225,Niue,887,,,,887,,0,,"546,856",,,,"1,622",Australia/Oceania,2,,,,,
226,Diamond Princess,712,,13,,699,,0,,,,,,,,,,,,,
227,Tokelau,80,,,,,,80,,"58,055",,,,"1,378",Australia/Oceania,17,,,,,"58,055"
228,Vatican City,29,,,,29,,0,,"36,295",,,,799,Europe,28,,,,,
229,Western Sahara,10,,1,,9,,0,,16,2,,,"626,161",Africa,"62,616","626,161",,,,
230,MS Zaandam,9,,2,,7,,0,,,,,,,,,,,,,
231,China,"503,302",,"5,272",,"379,053",,"118,977",N/A,347,4,"160,000,000","110,461","1,448,471,400",Asia,"2,878","274,748",9,,,82
